1496.76
1623.97
1434.00
1306.14
1469.46
1459.02
1416.17
1414.68
1557.23
1696.14
1469.27
1579.25
1559.78
1525.17
1310.96
1352.32
1514.75
1740.76
1258.08
1617.90
1305.05
1455.52
1401.54
1320.31
1497.47
1787.22
1330.15
1419.97
1189.34
1364.41
1468.10
1615.13
1742.71
1449.94
1461.76
1472.99
1636.32
1366.58
1621.40
1285.19
1417.00
1694.98
1525.29
1419.94
1224.96
1807.95
1434.77
1449.08
1703.97
1551.62
1413.62
1472.83
1461.97
1658.18
1390.59
1542.51
1408.62
1472.46
1231.79
1443.26
1442.87
1526.79
1319.85
1350.53
1346.57
1549.78
1606.89
1583.15
1383.08
1614.05
1468.01
1526.82
1665.03
1488.88
1271.88
1572.21
1559.13
1440.89
1556.53
1311.78
1439.79
1546.66
1269.51
1328.93
1499.33
1333.57
1234.26
1392.18
1559.05
1520.58
1341.60
1374.44
1512.60
1504.86
1401.03
1442.41
1376.35
1548.64
1421.81
1550.30
1576.19
1385.84
1630.51
1367.14
1647.49
1255.57
1264.06
1392.46
1477.17
1715.68
1624.59
1666.88
1493.08
1458.68
1184.35
1585.25
1272.41
1570.53
1548.75
1481.13
1506.46
1581.24
1465.09
1344.11
1376.27
